{
 "cells": [
  {
   "cell_type": "code",
   "execution_count": 1,
   "metadata": {},
   "outputs": [
    {
     "name": "stdout",
     "output_type": "stream",
     "text": [
      "Jupyter environment detected. Enabling Open3D WebVisualizer.\n",
      "[Open3D INFO] WebRTC GUI backend enabled.\n",
      "[Open3D INFO] WebRTCWindowSystem: HTTP handshake server disabled.\n"
     ]
    }
   ],
   "source": [
    "import sys\n",
    "import os\n",
    "sys.path.append(\"./Grounded_Segment_Anything/recognize-anything\")\n",
    "sys.path.append(\"./Grounded_Segment_Anything/GroundingDINO\")\n",
    "sys.path.append(\"./Grounded_Segment_Anything/segment_anything\")\n",
    "\n",
    "import numpy as np\n",
    "import torch\n",
    "import cv2\n",
    "import matplotlib.pyplot as plt\n",
    "# import pykinect_azure as pykinect\n",
    "import open3d as o3d\n",
    "\n",
    "# Grounding DINO\n",
    "import Grounded_Segment_Anything.GroundingDINO.groundingdino.datasets.transforms as T\n",
    "from Grounded_Segment_Anything.GroundingDINO.groundingdino.models import build_model\n",
    "from Grounded_Segment_Anything.GroundingDINO.groundingdino.util.slconfig import SLConfig\n",
    "from Grounded_Segment_Anything.GroundingDINO.groundingdino.util.utils import (\n",
    "    clean_state_dict, \n",
    "    get_phrases_from_posmap\n",
    ")\n",
    "\n",
    "# Segment Anything\n",
    "from Grounded_Segment_Anything.segment_anything.segment_anything import (\n",
    "    sam_model_registry,\n",
    "    SamPredictor\n",
    ")\n",
    "\n",
    "from collections import defaultdict\n",
    "from PIL import Image\n",
    "\n",
    "from pointcloud import PointCloud\n",
    "from projections import PointProjector\n",
    "from aggregator import PointCloudAggregator\n",
    "\n",
    "GROUNDING_DINO_CONFIG = \"Grounded_Segment_Anything/GroundingDINO/groundingdino/config/GroundingDINO_SwinT_OGC.py\"\n",
    "GROUNDING_DINO_CHECKPOINT = \"Grounded_Segment_Anything/groundingdino_swint_ogc.pth\"\n",
    "SAM_CHECKPOINT = \"Grounded_Segment_Anything/sam_vit_h_4b8939.pth\"\n",
    "BOX_THRESHOLD = 0.3\n",
    "TEXT_THRESHOLD = 0.25\n",
    "DEVICE = \"cuda\"\n",
    "BERT_BASE_UNCASED_PATH = None\n",
    "\n",
    "# device_config = pykinect.default_configuration\n",
    "# device_config.color_format = pykinect.K4A_IMAGE_FORMAT_COLOR_BGRA32\n",
    "# device_config.color_resolution = pykinect.K4A_COLOR_RESOLUTION_720P\n",
    "# device_config.depth_mode = pykinect.K4A_DEPTH_MODE_NFOV_2X2BINNED\n",
    "\n",
    "# pykinect.initialize_libraries()"
   ]
  },
  {
   "cell_type": "code",
   "execution_count": 14,
   "metadata": {},
   "outputs": [
    {
     "name": "stdout",
     "output_type": "stream",
     "text": [
      "final text_encoder_type: bert-base-uncased\n"
     ]
    },
    {
     "name": "stderr",
     "output_type": "stream",
     "text": [
      "/home/bwilab/.local/lib/python3.10/site-packages/transformers/tokenization_utils_base.py:1617: FutureWarning: `clean_up_tokenization_spaces` was not set. It will be set to `True` by default. This behavior will be deprecated in transformers v4.45, and will be then set to `False` by default. For more details check this issue: https://github.com/huggingface/transformers/issues/31884\n",
      "  warnings.warn(\n",
      "/tmp/ipykernel_389649/2959838396.py:42: FutureWarning: You are using `torch.load` with `weights_only=False` (the current default value), which uses the default pickle module implicitly. It is possible to construct malicious pickle data which will execute arbitrary code during unpickling (See https://github.com/pytorch/pytorch/blob/main/SECURITY.md#untrusted-models for more details). In a future release, the default value for `weights_only` will be flipped to `True`. This limits the functions that could be executed during unpickling. Arbitrary objects will no longer be allowed to be loaded via this mode unless they are explicitly allowlisted by the user via `torch.serialization.add_safe_globals`. We recommend you start setting `weights_only=True` for any use case where you don't have full control of the loaded file. Please open an issue on GitHub for any issues related to this experimental feature.\n",
      "  checkpoint = torch.load(model_checkpoint_path, map_location=\"cpu\")\n"
     ]
    },
    {
     "name": "stdout",
     "output_type": "stream",
     "text": [
      "_IncompatibleKeys(missing_keys=[], unexpected_keys=['label_enc.weight', 'bert.embeddings.position_ids'])\n"
     ]
    },
    {
     "name": "stderr",
     "output_type": "stream",
     "text": [
      "/home/bwilab/Semantic-Mapping-BWI/Grounded_Segment_Anything/segment_anything/segment_anything/build_sam.py:105: FutureWarning: You are using `torch.load` with `weights_only=False` (the current default value), which uses the default pickle module implicitly. It is possible to construct malicious pickle data which will execute arbitrary code during unpickling (See https://github.com/pytorch/pytorch/blob/main/SECURITY.md#untrusted-models for more details). In a future release, the default value for `weights_only` will be flipped to `True`. This limits the functions that could be executed during unpickling. Arbitrary objects will no longer be allowed to be loaded via this mode unless they are explicitly allowlisted by the user via `torch.serialization.add_safe_globals`. We recommend you start setting `weights_only=True` for any use case where you don't have full control of the loaded file. Please open an issue on GitHub for any issues related to this experimental feature.\n",
      "  state_dict = torch.load(f)\n"
     ]
    }
   ],
   "source": [
    "def get_rotation_translation(filepath) -> list[np.ndarray]:\n",
    "    extrinsics = []\n",
    "    with open(filepath, 'r') as file:\n",
    "        for data in file:\n",
    "            E = np.array([float(p) for p in data.split()])\n",
    "            E = E.reshape((3, 4))\n",
    "\n",
    "            R = E[:3, :3]\n",
    "            t = E[:, 3]\n",
    "\n",
    "            E_inv = np.eye(4)\n",
    "            E_inv[:3, :3] = R.T\n",
    "            E_inv[:, 3][:3] = -R.T @ t\n",
    "\n",
    "            print(E_inv)\n",
    "\n",
    "            extrinsics += [E_inv]\n",
    "\n",
    "            # extrinsic_matrix = np.eye(4, 4)\n",
    "            # extrinsic_matrix[:3] = data\n",
    "            # extrinsics += [extrinsic_matrix]\n",
    "\n",
    "    return extrinsics\n",
    "\n",
    "def prepare_image(image: np.ndarray):\n",
    "    transform = T.Compose([\n",
    "        T.RandomResize([800], max_size=1333),\n",
    "        T.ToTensor(),\n",
    "        T.Normalize([0.485, 0.456, 0.406], [0.229, 0.224, 0.225]),\n",
    "    ])\n",
    "\n",
    "    image_pil = Image.fromarray(image)\n",
    "    image_tensor, _ = transform(image_pil, None)  # 3, h, w\n",
    "    return image_pil, image_tensor\n",
    "\n",
    "def load_model(model_config_path, model_checkpoint_path, bert_base_uncased_path, device):\n",
    "    args = SLConfig.fromfile(model_config_path)\n",
    "    args.device = device\n",
    "    args.bert_base_uncased_path = bert_base_uncased_path\n",
    "\n",
    "    model = build_model(args)\n",
    "    checkpoint = torch.load(model_checkpoint_path, map_location=\"cpu\")\n",
    "    load_res = model.load_state_dict(clean_state_dict(checkpoint[\"model\"]), strict=False)\n",
    "    print(load_res)\n",
    "\n",
    "    model.eval()\n",
    "    return model\n",
    "\n",
    "def get_grounding_output(model, image, caption, box_threshold, text_threshold, with_logits=True, device=\"cpu\"):\n",
    "    caption = caption.lower().strip()\n",
    "    if not caption.endswith(\".\"):\n",
    "        caption += \".\"\n",
    "\n",
    "    model = model.to(device)\n",
    "    image = image.to(device)\n",
    "\n",
    "    with torch.no_grad():\n",
    "        outputs = model(image[None], captions=[caption])\n",
    "        logits = outputs[\"pred_logits\"].cpu().sigmoid()[0]\n",
    "        boxes = outputs[\"pred_boxes\"].cpu()[0]\n",
    "\n",
    "    filt_mask = logits.max(dim=1)[0] > box_threshold\n",
    "    logits_filt = logits[filt_mask]\n",
    "    boxes_filt = boxes[filt_mask]\n",
    "\n",
    "    tokenized = model.tokenizer(caption)\n",
    "    pred_phrases = [\n",
    "        get_phrases_from_posmap(logit > text_threshold, tokenized, model.tokenizer) +\n",
    "        (f\"({str(logit.max().item())[:4]})\" if with_logits else \"\")\n",
    "        for logit, _ in zip(logits_filt, boxes_filt)\n",
    "    ]\n",
    "\n",
    "    return boxes_filt, pred_phrases\n",
    "\n",
    "gd_model = load_model(GROUNDING_DINO_CONFIG, GROUNDING_DINO_CHECKPOINT, BERT_BASE_UNCASED_PATH, device=DEVICE)\n",
    "sam_model = SamPredictor(sam_model_registry[\"vit_h\"](checkpoint=SAM_CHECKPOINT).to(DEVICE))"
   ]
  },
  {
   "cell_type": "code",
   "execution_count": 15,
   "metadata": {},
   "outputs": [
    {
     "name": "stdout",
     "output_type": "stream",
     "text": [
      "[[-1.648000e-03 -9.990590e-01 -4.334000e-02  1.954778e-06]\n",
      " [-6.739500e-02  4.335300e-02 -9.967840e-01 -1.083490e-06]\n",
      " [ 9.977250e-01  1.278000e-03 -6.740300e-02 -6.995900e-08]\n",
      " [ 0.000000e+00  0.000000e+00  0.000000e+00  1.000000e+00]]\n",
      "[[ 0.526416   -0.847101   -0.072836    0.13048412]\n",
      " [-0.066283    0.044517   -0.996807   -0.0113764 ]\n",
      " [ 0.847639    0.529563   -0.032714   -0.09863631]\n",
      " [ 0.          0.          0.          1.        ]]\n",
      "[[ 0.698105   -0.712707   -0.068543    0.13860583]\n",
      " [-0.055146    0.041926   -0.997598   -0.01915215]\n",
      " [ 0.713868    0.700208   -0.010035   -0.33847907]\n",
      " [ 0.          0.          0.          1.        ]]\n",
      "[[-0.265475   -0.964105    0.004976    0.7543745 ]\n",
      " [-0.035886    0.004723   -0.999345   -0.16917264]\n",
      " [ 0.96345    -0.265479   -0.035852   -0.47914179]\n",
      " [ 0.          0.          0.          1.        ]]\n",
      "[[ 0.140101   -0.990037   -0.014093    0.56493567]\n",
      " [-0.029133    0.010106   -0.999524   -0.18988755]\n",
      " [ 0.989709    0.140445   -0.027426   -0.7651113 ]\n",
      " [ 0.          0.          0.          1.        ]]\n",
      "[[ 0.600577   -0.799205   -0.024063    0.19631635]\n",
      " [-0.027362    0.009534   -0.99958    -0.19601761]\n",
      " [ 0.799098    0.600983   -0.016142   -0.97284239]\n",
      " [ 0.          0.          0.          1.        ]]\n",
      "[[ 6.82593000e-01 -7.30648000e-01 -1.48320000e-02  1.08052764e-01]\n",
      " [-2.06950000e-02  9.61000000e-04 -9.99786000e-01 -1.78184626e-01]\n",
      " [ 7.30505000e-01  6.82754000e-01 -1.44650000e-02 -1.31390331e+00]\n",
      " [ 0.00000000e+00  0.00000000e+00  0.00000000e+00  1.00000000e+00]]\n",
      "[[ 0.685382   -0.72796    -0.018045    0.11386297]\n",
      " [-0.029117   -0.002635   -0.999573   -0.14359291]\n",
      " [ 0.727601    0.685615   -0.023002   -1.94884441]\n",
      " [ 0.          0.          0.          1.        ]]\n",
      "[[ 0.687811   -0.725696   -0.01677     0.09341237]\n",
      " [-0.021247    0.002966   -0.99977    -0.1700432 ]\n",
      " [ 0.725579    0.688009   -0.013379   -2.52470067]\n",
      " [ 0.          0.          0.          1.        ]]\n",
      "[[ 0.513918   -0.857831    0.003846    0.69484334]\n",
      " [-0.01768    -0.015074   -0.99973    -0.12625604]\n",
      " [ 0.857657    0.513712   -0.022914   -2.93641316]\n",
      " [ 0.          0.          0.          1.        ]]\n",
      "[[ 0.071603   -0.9974      0.008176    1.79051015]\n",
      " [-0.012789   -0.009114   -0.999877   -0.14689548]\n",
      " [ 0.997351    0.07149    -0.013409   -2.40852053]\n",
      " [ 0.          0.          0.          1.        ]]\n",
      "[[-4.48404000e-01 -8.93814000e-01  5.60900000e-03  2.68282754e+00]\n",
      " [-9.04600000e-03 -1.73700000e-03 -9.99958000e-01 -1.67224405e-01]\n",
      " [ 8.93786000e-01 -4.48435000e-01 -7.30700000e-03 -1.15768243e+00]\n",
      " [ 0.00000000e+00  0.00000000e+00  0.00000000e+00  1.00000000e+00]]\n",
      "[[-0.813177   -0.581935    0.009723    2.80937616]\n",
      " [-0.016011    0.005668   -0.999856   -0.15209836]\n",
      " [ 0.581796   -0.813216   -0.013927    0.21903035]\n",
      " [ 0.          0.          0.          1.        ]]\n",
      "[[-0.992263   -0.123907    0.007819    2.26355497]\n",
      " [-0.00822     0.002724   -0.999963   -0.17031156]\n",
      " [ 0.123881   -0.99229    -0.003721    1.50726867]\n",
      " [ 0.          0.          0.          1.        ]]\n",
      "[[-9.94465000e-01  1.05067000e-01  7.41000000e-04  1.85258989e+00]\n",
      " [-7.14000000e-04  2.95000000e-04 -1.00000000e+00 -1.86775535e-01]\n",
      " [-1.05067000e-01 -9.94465000e-01 -2.18000000e-04  1.97514567e+00]\n",
      " [ 0.00000000e+00  0.00000000e+00  0.00000000e+00  1.00000000e+00]]\n",
      "[[-9.59489000e-01 -2.81736000e-01 -2.34700000e-03  2.50794122e+00]\n",
      " [-2.03000000e-04  9.02200000e-03 -9.99959000e-01 -1.95288050e-01]\n",
      " [ 2.81745000e-01 -9.59450000e-01 -8.71400000e-03  1.10236424e+00]\n",
      " [ 0.00000000e+00  0.00000000e+00  0.00000000e+00  1.00000000e+00]]\n",
      "[[-0.681547   -0.731751   -0.005763    2.7983704 ]\n",
      " [-0.005744    0.013225   -0.999896   -0.18242433]\n",
      " [ 0.731752   -0.681443   -0.013216   -0.37583158]\n",
      " [ 0.          0.          0.          1.        ]]\n",
      "[[-0.223454   -0.974694   -0.006388    2.33532938]\n",
      " [-0.008451    0.00849    -0.999928   -0.18182674]\n",
      " [ 0.974678   -0.223384   -0.010134   -1.76001679]\n",
      " [ 0.          0.          0.          1.        ]]\n",
      "[[ 1.13559000e-01 -9.93531000e-01 -2.70000000e-05  1.71286532e+00]\n",
      " [ 1.91900000e-03  2.46000000e-04 -9.99998000e-01 -2.06002189e-01]\n",
      " [ 9.93530000e-01  1.13558000e-01  1.93500000e-03 -2.50576464e+00]\n",
      " [ 0.00000000e+00  0.00000000e+00  0.00000000e+00  1.00000000e+00]]\n",
      "[[ 1.25434000e-01 -9.92094000e-01 -3.90200000e-03  1.65030846e+00]\n",
      " [-8.09600000e-03  2.90900000e-03 -9.99963000e-01 -2.10542335e-01]\n",
      " [ 9.92069000e-01  1.25461000e-01 -7.66700000e-03 -3.08113640e+00]\n",
      " [ 0.00000000e+00  0.00000000e+00  0.00000000e+00  1.00000000e+00]]\n",
      "[[-0.313309   -0.949596   -0.010236    2.74280771]\n",
      " [-0.006822    0.013029   -0.999892   -0.21695355]\n",
      " [ 0.949627   -0.313206   -0.010561   -2.37241884]\n",
      " [ 0.          0.          0.          1.        ]]\n",
      "[[-7.51415000e-01 -6.59784000e-01 -7.83600000e-03  3.49274241e+00]\n",
      " [-1.18400000e-03  1.32240000e-02 -9.99912000e-01 -2.36680915e-01]\n",
      " [ 6.59830000e-01 -7.51339000e-01 -1.07180000e-02 -6.60587972e-01]\n",
      " [ 0.00000000e+00  0.00000000e+00  0.00000000e+00  1.00000000e+00]]\n",
      "[[-9.67466000e-01 -2.52949000e-01 -5.22400000e-03  3.33280069e+00]\n",
      " [ 7.45000000e-04  1.78020000e-02 -9.99841000e-01 -2.46466927e-01]\n",
      " [ 2.53002000e-01 -9.67316000e-01 -1.70350000e-02  9.71232912e-01]\n",
      " [ 0.00000000e+00  0.00000000e+00  0.00000000e+00  1.00000000e+00]]\n",
      "[[-9.63308000e-01  2.68397000e-01  1.17000000e-04  2.27464341e+00]\n",
      " [ 3.61100000e-03  1.33970000e-02 -9.99904000e-01 -2.39519456e-01]\n",
      " [-2.68373000e-01 -9.63215000e-01 -1.38750000e-02  2.50803054e+00]\n",
      " [ 0.00000000e+00  0.00000000e+00  0.00000000e+00  1.00000000e+00]]\n",
      "[[-8.25570000e-01  5.64297000e-01 -1.63200000e-03  1.32277089e+00]\n",
      " [ 8.92200000e-03  1.01620000e-02 -9.99909000e-01 -2.47877329e-01]\n",
      " [-5.64229000e-01 -8.25509000e-01 -1.34240000e-02  3.12761841e+00]\n",
      " [ 0.00000000e+00  0.00000000e+00  0.00000000e+00  1.00000000e+00]]\n",
      "[[-0.954233    0.298947   -0.008389    2.21922082]\n",
      " [ 0.016734    0.025367   -0.999538   -0.28496402]\n",
      " [-0.298596   -0.953933   -0.029209    2.60687739]\n",
      " [ 0.          0.          0.          1.        ]]\n",
      "[[-0.977324   -0.210283   -0.024879    3.26754508]\n",
      " [ 0.018441    0.032525   -0.999301   -0.32188769]\n",
      " [ 0.210945   -0.977099   -0.02791     1.12004707]\n",
      " [ 0.          0.          0.          1.        ]]\n",
      "[[-0.741866   -0.669722   -0.033263    3.45717251]\n",
      " [ 0.011877    0.036474   -0.999264   -0.31963956]\n",
      " [ 0.670442   -0.741716   -0.019104   -0.71490181]\n",
      " [ 0.          0.          0.          1.        ]]\n",
      "[[-3.13713000e-01 -9.49040000e-01 -3.01060000e-02  2.74865295e+00]\n",
      " [ 1.12200000e-02  2.80000000e-02 -9.99545000e-01 -3.09626810e-01]\n",
      " [ 9.49452000e-01 -3.13908000e-01  1.86400000e-03 -2.34356668e+00]\n",
      " [ 0.00000000e+00  0.00000000e+00  0.00000000e+00  1.00000000e+00]]\n",
      "[[ 0.09774    -0.995138   -0.012109    1.64329425]\n",
      " [ 0.019772    0.014107   -0.999705   -0.3260724 ]\n",
      " [ 0.995016    0.097472    0.021055   -3.29892263]\n",
      " [ 0.          0.          0.          1.        ]]\n",
      "[[ 3.20884000e-01 -9.47075000e-01 -9.06000000e-03  8.51542689e-01]\n",
      " [ 3.96500000e-03  1.09080000e-02 -9.99933000e-01 -2.75116886e-01]\n",
      " [ 9.47110000e-01  3.20827000e-01  7.25500000e-03 -4.02270319e+00]\n",
      " [ 0.00000000e+00  0.00000000e+00  0.00000000e+00  1.00000000e+00]]\n",
      "[[ 5.94741000e-01 -8.03909000e-01  3.64200000e-03 -3.71151978e-01]\n",
      " [ 1.80740000e-02  8.84200000e-03 -9.99798000e-01 -3.32558311e-01]\n",
      " [ 8.03714000e-01  5.94687000e-01  1.97880000e-02 -4.30719646e+00]\n",
      " [ 0.00000000e+00  0.00000000e+00  0.00000000e+00  1.00000000e+00]]\n",
      "[[ 5.82388000e-01 -8.12911000e-01  1.92000000e-04 -3.15547285e-01]\n",
      " [ 3.86700000e-03  2.53400000e-03 -9.99989000e-01 -2.55314834e-01]\n",
      " [ 8.12902000e-01  5.82383000e-01  4.61900000e-03 -4.86730841e+00]\n",
      " [ 0.00000000e+00  0.00000000e+00  0.00000000e+00  1.00000000e+00]]\n",
      "[[ 2.70254000e-01 -9.62781000e-01 -3.82700000e-03  1.34629079e+00]\n",
      " [ 2.12510000e-02  9.93900000e-03 -9.99725000e-01 -3.26924886e-01]\n",
      " [ 9.62555000e-01  2.70099000e-01  2.31470000e-02 -4.84546482e+00]\n",
      " [ 0.00000000e+00  0.00000000e+00  0.00000000e+00  1.00000000e+00]]\n",
      "[[-0.171278   -0.985146   -0.012292    3.23330811]\n",
      " [ 0.020383    0.008931   -0.999752   -0.31808951]\n",
      " [ 0.985012   -0.171486    0.01855    -3.74524001]\n",
      " [ 0.          0.          0.          1.        ]]\n",
      "[[-0.70226    -0.711706   -0.017474    4.70260685]\n",
      " [ 0.016488    0.008279   -0.99983    -0.31373304]\n",
      " [ 0.71173    -0.702429    0.005921   -1.27199951]\n",
      " [ 0.          0.          0.          1.        ]]\n",
      "[[-9.59186000e-01 -2.82267000e-01 -1.69740000e-02  4.67109408e+00]\n",
      " [ 1.59060000e-02  6.07600000e-03 -9.99855000e-01 -2.97211449e-01]\n",
      " [ 2.82329000e-01 -9.59317000e-01 -1.33900000e-03  1.13110967e+00]\n",
      " [ 0.00000000e+00  0.00000000e+00  0.00000000e+00  1.00000000e+00]]\n",
      "[[-9.72889000e-01  2.30969000e-01 -1.19000000e-02  3.44415633e+00]\n",
      " [ 1.20120000e-02 -9.21000000e-04 -9.99928000e-01 -2.62216371e-01]\n",
      " [-2.30963000e-01 -9.72961000e-01 -1.87900000e-03  3.31141653e+00]\n",
      " [ 0.00000000e+00  0.00000000e+00  0.00000000e+00  1.00000000e+00]]\n",
      "[[-0.759757    0.650088   -0.012488    1.52224884]\n",
      " [ 0.005972   -0.012228   -0.999907   -0.21429526]\n",
      " [-0.65018    -0.759761    0.005408    4.52384464]\n",
      " [ 0.          0.          0.          1.        ]]\n",
      "[[-6.81585000e-01  7.31444000e-01 -2.07960000e-02  1.02949698e+00]\n",
      " [ 1.59490000e-02 -1.35630000e-02 -9.99781000e-01 -2.44399155e-01]\n",
      " [-7.31565000e-01 -6.81767000e-01 -2.42200000e-03  4.26164744e+00]\n",
      " [ 0.00000000e+00  0.00000000e+00  0.00000000e+00  1.00000000e+00]]\n",
      "[[-7.85655000e-01  6.18570000e-01 -1.08530000e-02  1.66379645e+00]\n",
      " [ 6.82300000e-03 -8.87900000e-03 -9.99937000e-01 -2.18243298e-01]\n",
      " [-6.18627000e-01 -7.85680000e-01  2.75600000e-03  3.81453982e+00]\n",
      " [ 0.00000000e+00  0.00000000e+00  0.00000000e+00  1.00000000e+00]]\n",
      "[[-9.20884000e-01  3.89807000e-01 -4.86200000e-03  2.59256580e+00]\n",
      " [ 5.44100000e-03  3.82000000e-04 -9.99985000e-01 -2.33040899e-01]\n",
      " [-3.89800000e-01 -9.20896000e-01 -2.47300000e-03  3.15450674e+00]\n",
      " [ 0.00000000e+00  0.00000000e+00  0.00000000e+00  1.00000000e+00]]\n",
      "[[-0.968338    0.249418   -0.010576    3.04686891]\n",
      " [ 0.013885    0.01151    -0.999837   -0.25918774]\n",
      " [-0.249256   -0.968328   -0.014609    2.7330275 ]\n",
      " [ 0.          0.          0.          1.        ]]\n",
      "[[-0.96014    -0.278948   -0.017879    4.08034616]\n",
      " [ 0.013915    0.016184   -0.999772   -0.29283912]\n",
      " [ 0.279173   -0.96017    -0.011657    0.74231014]\n",
      " [ 0.          0.          0.          1.        ]]\n",
      "[[-0.674418   -0.738143   -0.01748     3.93454281]\n",
      " [ 0.014852    0.010107   -0.999839   -0.30565187]\n",
      " [ 0.738201   -0.674569    0.004146   -1.52123698]\n",
      " [ 0.          0.          0.          1.        ]]\n",
      "[[-0.216073   -0.976268   -0.014602    2.71774075]\n",
      " [ 0.014851    0.011668   -0.999822   -0.32488221]\n",
      " [ 0.976264   -0.216251    0.011977   -3.31441156]\n",
      " [ 0.          0.          0.          1.        ]]\n",
      "[[ 1.46422000e-01 -9.89222000e-01  1.99000000e-04  1.41207120e+00]\n",
      " [ 1.63070000e-02  2.21300000e-03 -9.99865000e-01 -3.17827337e-01]\n",
      " [ 9.89088000e-01  1.46405000e-01  1.64550000e-02 -4.13822265e+00]\n",
      " [ 0.00000000e+00  0.00000000e+00  0.00000000e+00  1.00000000e+00]]\n",
      "[[ 1.80080000e-01 -9.83645000e-01  3.76200000e-03  1.26127572e+00]\n",
      " [ 1.00440000e-02 -1.98600000e-03 -9.99948000e-01 -2.81912205e-01]\n",
      " [ 9.83601000e-01  1.80109000e-01  9.52200000e-03 -4.69989571e+00]\n",
      " [ 0.00000000e+00  0.00000000e+00  0.00000000e+00  1.00000000e+00]]\n",
      "[[-0.181087   -0.983455    0.004807    2.90107896]\n",
      " [ 0.014644   -0.007584   -0.999864   -0.30061819]\n",
      " [ 0.983358   -0.180992    0.015775   -4.32326015]\n",
      " [ 0.          0.          0.          1.        ]]\n",
      "[[-6.30274000e-01 -7.76367000e-01 -2.98000000e-03  4.56996054e+00]\n",
      " [ 1.91400000e-02 -1.17020000e-02 -9.99748000e-01 -3.08062520e-01]\n",
      " [ 7.76137000e-01 -6.30173000e-01  2.22350000e-02 -2.42775622e+00]\n",
      " [ 0.00000000e+00  0.00000000e+00  0.00000000e+00  1.00000000e+00]]\n",
      "[[-0.924402   -0.381127   -0.014928    5.11417452]\n",
      " [ 0.020217   -0.009877   -0.999747   -0.31611553]\n",
      " [ 0.380884   -0.92447     0.016835    0.06034908]\n",
      " [ 0.          0.          0.          1.        ]]\n",
      "[[-9.91579000e-01  1.28011000e-01 -1.96350000e-02  4.33278204e+00]\n",
      " [ 1.90680000e-02 -5.65100000e-03 -9.99802000e-01 -3.14924726e-01]\n",
      " [-1.28096000e-01 -9.91757000e-01  3.16200000e-03  2.59740300e+00]\n",
      " [ 0.00000000e+00  0.00000000e+00  0.00000000e+00  1.00000000e+00]]\n",
      "[[-8.14342000e-01  5.79890000e-01 -2.39600000e-02  2.51565335e+00]\n",
      " [ 2.00870000e-02 -1.30980000e-02 -9.99712000e-01 -3.16146807e-01]\n",
      " [-5.80037000e-01 -8.14590000e-01 -9.82000000e-04  4.33194974e+00]\n",
      " [ 0.00000000e+00  0.00000000e+00  0.00000000e+00  1.00000000e+00]]\n",
      "[[-0.519398    0.854147   -0.025666    0.56804389]\n",
      " [ 0.020588   -0.017518   -0.999635   -0.30160084]\n",
      " [-0.854284   -0.519737   -0.008487    4.99640006]\n",
      " [ 0.          0.          0.          1.        ]]\n",
      "[[-0.680731    0.732003   -0.027889    1.611895  ]\n",
      " [ 0.023708   -0.016036   -0.99959    -0.29298626]\n",
      " [-0.73215    -0.681113   -0.006438    4.76363153]\n",
      " [ 0.          0.          0.          1.        ]]\n",
      "[[-7.69465000e-01  6.38270000e-01 -2.31290000e-02  2.17395818e+00]\n",
      " [ 1.53240000e-02 -1.77530000e-02 -9.99725000e-01 -2.54980669e-01]\n",
      " [-6.38505000e-01 -7.69608000e-01  3.87900000e-03  4.26905089e+00]\n",
      " [ 0.00000000e+00  0.00000000e+00  0.00000000e+00  1.00000000e+00]]\n",
      "[[-0.793551    0.608306   -0.015501    2.27075948]\n",
      " [ 0.016678   -0.003721   -0.999854   -0.29249966]\n",
      " [-0.608275   -0.793693   -0.007192    3.52529388]\n",
      " [ 0.          0.          0.          1.        ]]\n",
      "[[-0.772017    0.635412   -0.01553     2.11820868]\n",
      " [ 0.0251      0.006063   -0.999667   -0.35685972]\n",
      " [-0.635106   -0.77215    -0.020629    2.96104882]\n",
      " [ 0.          0.          0.          1.        ]]\n",
      "[[-6.01188000e-01  7.99017000e-01 -1.20440000e-02  1.34599892e+00]\n",
      " [ 2.16160000e-02  1.19400000e-03 -9.99766000e-01 -3.47620671e-01]\n",
      " [-7.98815000e-01 -6.01308000e-01 -1.79890000e-02  3.04334122e+00]\n",
      " [ 0.00000000e+00  0.00000000e+00  0.00000000e+00  1.00000000e+00]]\n",
      "[[-0.71981     0.694062   -0.012266    1.79977183]\n",
      " [ 0.011925   -0.005304   -0.999915   -0.30501861]\n",
      " [-0.694068   -0.719895   -0.00446     2.57880025]\n",
      " [ 0.          0.          0.          1.        ]]\n",
      "[[-0.849578    0.527303   -0.013015    2.27791556]\n",
      " [ 0.019555    0.006828   -0.999786   -0.34221573]\n",
      " [-0.527101   -0.84965    -0.016112    1.72434139]\n",
      " [ 0.          0.          0.          1.        ]]\n",
      "[[-8.70642000e-01  4.91607000e-01 -1.74730000e-02  2.34478389e+00]\n",
      " [ 1.95980000e-02 -8.28000000e-04 -9.99808000e-01 -3.39175220e-01]\n",
      " [-4.91527000e-01 -8.70817000e-01 -8.91300000e-03  1.28689092e+00]\n",
      " [ 0.00000000e+00  0.00000000e+00  0.00000000e+00  1.00000000e+00]]\n",
      "[[-0.871309    0.490182   -0.023307    2.32141689]\n",
      " [ 0.022982   -0.006684   -0.999714   -0.34479767]\n",
      " [-0.490197   -0.871595   -0.005442    0.64493702]\n",
      " [ 0.          0.          0.          1.        ]]\n",
      "[[-0.735641    0.676986   -0.02286     2.18113413]\n",
      " [ 0.026533   -0.004924   -0.999636   -0.34244229]\n",
      " [-0.676852   -0.735979   -0.014341    0.65909879]\n",
      " [ 0.          0.          0.          1.        ]]\n",
      "[[-5.90170000e-01  8.06891000e-01 -2.50320000e-02  2.08566511e+00]\n",
      " [ 1.38330000e-02 -2.08950000e-02 -9.99686000e-01 -3.52336004e-01]\n",
      " [-8.07160000e-01 -5.90331000e-01  1.17000000e-03  7.77269850e-01]\n",
      " [ 0.00000000e+00  0.00000000e+00  0.00000000e+00  1.00000000e+00]]\n",
      "[[-0.344416    0.938815   -0.002317    1.92070218]\n",
      " [ 0.023089    0.006003   -0.999716   -0.33323942]\n",
      " [-0.938533   -0.344371   -0.023744    0.90207897]\n",
      " [ 0.          0.          0.          1.        ]]\n",
      "[[ 0.147523    0.989024    0.008286    1.16948998]\n",
      " [ 0.018927    0.005553   -0.999806   -0.32792474]\n",
      " [-0.988878    0.147651   -0.0179      1.64736739]\n",
      " [ 0.          0.          0.          1.        ]]\n",
      "[[ 6.22031000e-01  7.82969000e-01  6.05600000e-03  8.31634171e-02]\n",
      " [ 9.96100000e-03 -1.80000000e-04 -9.99950000e-01 -3.31481080e-01]\n",
      " [-7.82929000e-01  6.22060000e-01 -7.91100000e-03  2.00114845e+00]\n",
      " [ 0.00000000e+00  0.00000000e+00  0.00000000e+00  1.00000000e+00]]\n",
      "[[ 9.27155000e-01  3.74575000e-01 -8.82500000e-03 -1.00996656e+00]\n",
      " [-8.61500000e-03 -2.23700000e-03 -9.99961000e-01 -3.25342301e-01]\n",
      " [-3.74580000e-01  9.27194000e-01  1.15300000e-03  1.79381520e+00]\n",
      " [ 0.00000000e+00  0.00000000e+00  0.00000000e+00  1.00000000e+00]]\n",
      "[[ 0.992738   -0.118474   -0.020869   -1.79777832]\n",
      " [-0.022985   -0.01652    -0.999599   -0.28627574]\n",
      " [ 0.118081    0.99282    -0.019123    1.09602418]\n",
      " [ 0.          0.          0.          1.        ]]\n",
      "[[ 0.956657   -0.290076   -0.025758   -1.96434965]\n",
      " [-0.032443   -0.018257   -0.999307   -0.27476312]\n",
      " [ 0.289405    0.956829   -0.026877    0.74532376]\n",
      " [ 0.          0.          0.          1.        ]]\n",
      "[[ 0.993589    0.107063   -0.036322   -1.43111863]\n",
      " [-0.032885   -0.03369    -0.998891   -0.26941279]\n",
      " [-0.108168    0.993681   -0.029953    1.43047277]\n",
      " [ 0.          0.          0.          1.        ]]\n",
      "[[ 0.796256    0.603994   -0.034175   -0.39968451]\n",
      " [-0.019404   -0.030963   -0.999332   -0.29787046]\n",
      " [-0.604648    0.796388   -0.012934    1.92396988]\n",
      " [ 0.          0.          0.          1.        ]]\n",
      "[[ 0.398233    0.916722   -0.032099    0.6682958 ]\n",
      " [-0.011052   -0.030196   -0.999483   -0.31536889]\n",
      " [-0.917218    0.398382   -0.001893    1.85272026]\n",
      " [ 0.          0.          0.          1.        ]]\n",
      "[[-0.089027    0.995823   -0.020267    1.54522534]\n",
      " [-0.011063   -0.021335   -0.999711   -0.3216499 ]\n",
      " [-0.995968   -0.088777    0.012916    1.25228751]\n",
      " [ 0.          0.          0.          1.        ]]\n",
      "[[-0.152008    0.988304   -0.012217    1.64359176]\n",
      " [-0.007374   -0.013494   -0.999882   -0.33494392]\n",
      " [-0.988352   -0.1519      0.009338    0.75126661]\n",
      " [ 0.          0.          0.          1.        ]]\n",
      "[[-0.422506    0.906261   -0.013389    1.77049166]\n",
      " [-0.010601   -0.019713   -0.99975    -0.32045891]\n",
      " [-0.906298   -0.422259    0.017936   -0.18367971]\n",
      " [ 0.          0.          0.          1.        ]]\n",
      "[[-0.270947    0.962585   -0.004155    1.84335589]\n",
      " [-0.004975   -0.005717   -0.999971   -0.30372309]\n",
      " [-0.962582   -0.270919    0.006338   -0.43482099]\n",
      " [ 0.          0.          0.          1.        ]]\n",
      "[[ 2.57753000e-01  9.66175000e-01 -8.37500000e-03  1.78910636e+00]\n",
      " [-3.19400000e-03 -7.81600000e-03 -9.99964000e-01 -3.10417753e-01]\n",
      " [-9.66206000e-01  2.57770000e-01  1.07100000e-03  4.24029487e-01]\n",
      " [ 0.00000000e+00  0.00000000e+00  0.00000000e+00  1.00000000e+00]]\n",
      "[[ 0.694031    0.719785   -0.015177    1.29103341]\n",
      " [-0.008428   -0.012958   -0.999881   -0.3212755 ]\n",
      " [-0.719895    0.694077   -0.002927    1.23221322]\n",
      " [ 0.          0.          0.          1.        ]]\n",
      "[[ 0.949829    0.312264   -0.017793    0.48232005]\n",
      " [-0.015422   -0.010061   -0.99983    -0.31802395]\n",
      " [-0.31239     0.949942   -0.004741    1.69819075]\n",
      " [ 0.          0.          0.          1.        ]]\n",
      "[[ 0.984936   -0.172057   -0.017244   -0.44290948]\n",
      " [-0.019377   -0.010727   -0.999755   -0.30559998]\n",
      " [ 0.17183     0.985029   -0.013899    1.75125575]\n",
      " [ 0.          0.          0.          1.        ]]\n",
      "[[ 0.820058   -0.572145   -0.012455   -1.22742999]\n",
      " [-0.022452   -0.010419   -0.999694   -0.29051109]\n",
      " [ 0.57184     0.820086   -0.021391    1.37475972]\n",
      " [ 0.          0.          0.          1.        ]]\n",
      "[[ 0.898252   -0.438874   -0.023071   -0.96584016]\n",
      " [-0.032476   -0.013934   -0.999375   -0.29121737]\n",
      " [ 0.438278    0.898441   -0.026768    1.50297428]\n",
      " [ 0.          0.          0.          1.        ]]\n",
      "[[ 0.998459    0.048676   -0.026638   -0.08091236]\n",
      " [-0.026443   -0.004647   -0.999639   -0.30564548]\n",
      " [-0.048782    0.998804   -0.003352    1.77731567]\n",
      " [ 0.          0.          0.          1.        ]]\n",
      "[[ 0.839622    0.543043   -0.011763    0.90176101]\n",
      " [-0.006721   -0.011268   -0.999914   -0.3092497 ]\n",
      " [-0.543129    0.839629   -0.005811    1.52407859]\n",
      " [ 0.          0.          0.          1.        ]]\n",
      "[[ 0.458722    0.888574   -0.003293    1.60688354]\n",
      " [ 0.01115    -0.009462   -0.999893   -0.30561537]\n",
      " [-0.88851     0.458636   -0.014248    0.82543213]\n",
      " [ 0.          0.          0.          1.        ]]\n",
      "[[-0.049852    0.998728   -0.007521    1.86775479]\n",
      " [ 0.013579   -0.006852   -0.999884   -0.3014875 ]\n",
      " [-0.998664   -0.049949   -0.01322    -0.12593359]\n",
      " [ 0.          0.          0.          1.        ]]\n",
      "[[-0.532223    0.846539   -0.010486    1.64661376]\n",
      " [ 0.014065   -0.003544   -0.999895   -0.30723149]\n",
      " [-0.846487   -0.532315   -0.01002    -1.04755226]\n",
      " [ 0.          0.          0.          1.        ]]\n",
      "[[-7.29918000e-01  6.83509000e-01 -6.08300000e-03  1.36906442e+00]\n",
      " [ 4.02200000e-03 -4.60400000e-03 -9.99981000e-01 -3.15865811e-01]\n",
      " [-6.83524000e-01 -7.29928000e-01  6.12000000e-04 -1.59678625e+00]\n",
      " [ 0.00000000e+00  0.00000000e+00  0.00000000e+00  1.00000000e+00]]\n",
      "[[-0.659019    0.752114   -0.0044      1.52033964]\n",
      " [ 0.028266    0.018921   -0.999421   -0.24827086]\n",
      " [-0.751595   -0.658762   -0.033728   -2.03900425]\n",
      " [ 0.          0.          0.          1.        ]]\n",
      "[[-0.281892    0.959419   -0.007207    2.18418233]\n",
      " [ 0.016547   -0.002649   -0.99986    -0.3201781 ]\n",
      " [-0.959303   -0.281972   -0.015128   -1.38942877]\n",
      " [ 0.          0.          0.          1.        ]]\n",
      "[[-8.18590000e-02  9.96638000e-01 -3.42800000e-03  2.41019014e+00]\n",
      " [ 2.38400000e-02 -1.48000000e-03 -9.99715000e-01 -2.98587364e-01]\n",
      " [-9.96359000e-01 -8.19170000e-02 -2.36390000e-02 -1.21249856e+00]\n",
      " [ 0.00000000e+00  0.00000000e+00  0.00000000e+00  1.00000000e+00]]\n",
      "[[ 4.20575000e-01  9.07256000e-01 -1.84400000e-03  2.65379305e+00]\n",
      " [ 1.74080000e-02 -1.01010000e-02 -9.99797000e-01 -3.19978129e-01]\n",
      " [-9.07091000e-01  4.20458000e-01 -2.00420000e-02  5.83283780e-02]\n",
      " [ 0.00000000e+00  0.00000000e+00  0.00000000e+00  1.00000000e+00]]\n",
      "[[ 8.15579000e-01  5.78644000e-01 -1.11000000e-03  2.21069755e+00]\n",
      " [ 7.09700000e-03 -1.19200000e-02 -9.99904000e-01 -3.38141511e-01]\n",
      " [-5.78602000e-01  8.15493000e-01 -1.38280000e-02  1.36534021e+00]\n",
      " [ 0.00000000e+00  0.00000000e+00  0.00000000e+00  1.00000000e+00]]\n",
      "[[ 9.88397000e-01  1.51880000e-01  1.78100000e-03  1.29184039e+00]\n",
      " [ 2.70300000e-03 -5.86300000e-03 -9.99979000e-01 -3.39129141e-01]\n",
      " [-1.51867000e-01  9.88382000e-01 -6.20600000e-03  2.20790365e+00]\n",
      " [ 0.00000000e+00  0.00000000e+00  0.00000000e+00  1.00000000e+00]]\n",
      "[[ 9.40119000e-01 -3.40845000e-01 -6.09000000e-04 -1.24552320e-02]\n",
      " [-1.20300000e-03 -1.53200000e-03 -9.99998000e-01 -3.53992215e-01]\n",
      " [ 3.40843000e-01  9.40118000e-01 -1.85100000e-03  2.55805088e+00]\n",
      " [ 0.00000000e+00  0.00000000e+00  0.00000000e+00  1.00000000e+00]]\n",
      "[[ 7.10877000e-01 -7.03305000e-01 -3.89900000e-03 -1.17551718e+00]\n",
      " [-5.59000000e-04  4.97800000e-03 -9.99988000e-01 -3.43712453e-01]\n",
      " [ 7.03316000e-01  7.10871000e-01  3.14500000e-03  2.30967813e+00]\n",
      " [ 0.00000000e+00  0.00000000e+00  0.00000000e+00  1.00000000e+00]]\n",
      "[[ 8.01386000e-01 -5.98071000e-01 -9.56700000e-03 -8.73447719e-01]\n",
      " [-6.69200000e-03  7.02900000e-03 -9.99953000e-01 -3.39339502e-01]\n",
      " [ 5.98110000e-01  8.01413000e-01  1.63100000e-03  2.45490603e+00]\n",
      " [ 0.00000000e+00  0.00000000e+00  0.00000000e+00  1.00000000e+00]]\n",
      "[[ 9.62277000e-01 -2.72012000e-01 -5.70300000e-03  8.88230389e-02]\n",
      " [-5.30600000e-03  2.19200000e-03 -9.99984000e-01 -3.49610224e-01]\n",
      " [ 2.72020000e-01  9.62291000e-01  6.66000000e-04  2.58881724e+00]\n",
      " [ 0.00000000e+00  0.00000000e+00  0.00000000e+00  1.00000000e+00]]\n",
      "[[ 9.74308000e-01 -2.25215000e-01  1.49400000e-03  2.12146995e-01]\n",
      " [-2.41600000e-03 -1.70880000e-02 -9.99851000e-01 -3.67078821e-01]\n",
      " [ 2.25207000e-01  9.74159000e-01 -1.71930000e-02  2.27825654e+00]\n",
      " [ 0.00000000e+00  0.00000000e+00  0.00000000e+00  1.00000000e+00]]\n",
      "[[ 7.89407000e-01 -6.13861000e-01 -3.35500000e-03 -8.05892611e-01]\n",
      " [-2.98900000e-03  1.62200000e-03 -9.99994000e-01 -3.12947387e-01]\n",
      " [ 6.13862000e-01  7.89413000e-01 -5.54000000e-04  2.01584487e+00]\n",
      " [ 0.00000000e+00  0.00000000e+00  0.00000000e+00  1.00000000e+00]]\n",
      "[[ 8.49688000e-01 -5.27155000e-01 -1.17590000e-02 -5.75299788e-01]\n",
      " [-9.35400000e-03  7.22800000e-03 -9.99930000e-01 -3.05048621e-01]\n",
      " [ 5.27203000e-01  8.49738000e-01  1.21100000e-03  2.06078714e+00]\n",
      " [ 0.00000000e+00  0.00000000e+00  0.00000000e+00  1.00000000e+00]]\n",
      "[[ 0.997494   -0.070055   -0.009855    0.49403795]\n",
      " [-0.009318    0.007995   -0.999925   -0.29417224]\n",
      " [ 0.070129    0.997511    0.007322    2.05198502]\n",
      " [ 0.          0.          0.          1.        ]]\n",
      "[[ 9.99295000e-01  3.73420000e-02 -3.87400000e-03  7.06736613e-01]\n",
      " [-3.88900000e-03  3.23000000e-04 -9.99992000e-01 -2.75447351e-01]\n",
      " [-3.73410000e-02  9.99302000e-01  4.68000000e-04  1.64680651e+00]\n",
      " [ 0.00000000e+00  0.00000000e+00  0.00000000e+00  1.00000000e+00]]\n",
      "[[ 0.974164    0.225572   -0.011049    0.97962944]\n",
      " [-0.003897   -0.03213    -0.999476   -0.28452633]\n",
      " [-0.225808    0.973697   -0.030421    1.18848469]\n",
      " [ 0.          0.          0.          1.        ]]\n",
      "[[ 0.999965    0.005188   -0.006598    0.65574967]\n",
      " [-0.006492   -0.020265   -0.999774   -0.25768471]\n",
      " [-0.00532     0.999781   -0.020231    1.3032912 ]\n",
      " [ 0.          0.          0.          1.        ]]\n",
      "[[ 0.970752   -0.239896   -0.009463    0.34094147]\n",
      " [-0.019424   -0.039191   -0.999043   -0.27874751]\n",
      " [ 0.239296    0.970007   -0.042704    1.01392892]\n",
      " [ 0.          0.          0.          1.        ]]\n",
      "[[ 0.76068    -0.649126   -0.001033   -0.28122705]\n",
      " [-0.030509   -0.034163   -0.99895    -0.25378978]\n",
      " [ 0.64841     0.759913   -0.045791    1.00241567]\n",
      " [ 0.          0.          0.          1.        ]]\n",
      "[[ 0.461847   -0.886922    0.008206   -0.66210699]\n",
      " [-0.028676   -0.024179   -0.999296   -0.25076873]\n",
      " [ 0.886496    0.461287   -0.036601    0.82459831]\n",
      " [ 0.          0.          0.          1.        ]]\n",
      "[[ 0.793462   -0.608563   -0.008322   -0.16408586]\n",
      " [-0.011885   -0.001821   -0.999928   -0.29484265]\n",
      " [ 0.608504    0.793503   -0.008678    0.99933401]\n",
      " [ 0.          0.          0.          1.        ]]\n",
      "[[ 0.974524   -0.223967   -0.011894    0.44142379]\n",
      " [-0.013218   -0.004413   -0.999903   -0.27930342]\n",
      " [ 0.223893    0.974587   -0.007261    0.9093774 ]\n",
      " [ 0.          0.          0.          1.        ]]\n",
      "[[ 9.89196000e-01 -1.46584000e-01 -1.95800000e-03  5.51932060e-01]\n",
