-0.001648 -0.067395 0.997725 -0.000000 -0.999059 0.043353 0.001278 0.000002 -0.043340 -0.996784 -0.067403 -0.000001
0.526416 -0.066283 0.847639 0.014165 -0.847101 0.044517 0.529563 0.163274 -0.072836 -0.996807 -0.032714 -0.005063
0.698105 -0.055146 0.713868 0.143812 -0.712707 0.041926 0.700208 0.336594 -0.068543 -0.997598 -0.010035 -0.013002
-0.265475 -0.035886 0.963450 0.655825 -0.964105 0.004723 -0.265479 0.600893 0.004976 -0.999345 -0.035852 -0.189994
0.140101 -0.029133 0.989709 0.672557 -0.990037 0.010106 0.140445 0.668682 -0.014093 -0.999524 -0.027426 -0.202820
0.600577 -0.027362 0.799098 0.654131 -0.799205 0.009534 0.600983 0.743428 -0.024063 -0.999580 -0.016142 -0.206915
0.682593 -0.020695 0.730505 0.882370 -0.730648 0.000961 0.682754 0.976192 -0.014832 -0.999786 -0.014465 -0.195549
0.685382 -0.029117 0.727601 1.335761 -0.727960 -0.002635 0.685615 1.418665 -0.018045 -0.999573 -0.023002 -0.186304
0.687811 -0.021247 0.725579 1.764006 -0.725696 0.002966 0.688009 1.805310 -0.016770 -0.999770 -0.013379 -0.202215
0.513918 -0.017680 0.857657 2.159110 -0.857831 -0.015074 0.513712 2.102622 0.003846 -0.999730 -0.022914 -0.196177
0.071603 -0.012789 0.997351 2.272056 -0.997400 -0.009114 0.071490 1.956699 0.008176 -0.999877 -0.013409 -0.193810
-0.448404 -0.009046 0.893786 2.236194 -0.893814 -0.001737 -0.448435 1.878511 0.005609 -0.999958 -0.007307 -0.190724
-0.813177 -0.016011 0.581796 2.154655 -0.581935 0.005668 -0.813216 1.813855 0.009723 -0.999856 -0.013927 -0.176341
-0.992263 -0.008220 0.123881 2.057920 -0.123907 0.002724 -0.992290 1.776582 0.007819 -0.999963 -0.003721 -0.182395
-0.994465 -0.000714 -0.105067 2.049725 0.105067 0.000295 -0.994465 1.769623 0.000741 -1.000000 -0.000218 -0.187717
-0.959489 -0.000203 0.281745 2.095717 -0.281736 0.009022 -0.959450 1.766000 -0.002347 -0.999959 -0.008714 -0.179788
-0.681547 -0.005744 0.731752 2.181189 -0.731751 0.013225 -0.681443 1.794018 -0.005763 -0.999896 -0.013216 -0.171245
-0.223454 -0.008451 0.974678 2.235751 -0.974694 0.008490 -0.223384 1.884614 -0.006388 -0.999928 -0.010134 -0.184734
0.113559 0.001919 0.993530 2.295435 -0.993531 0.000246 0.113558 1.986388 -0.000027 -0.999998 0.001935 -0.201109
0.125434 -0.008096 0.992069 2.847990 -0.992094 0.002909 0.125461 2.024437 -0.003902 -0.999963 -0.007667 -0.227719
-0.313309 -0.006822 0.949627 3.110779 -0.949596 0.013029 -0.313206 1.864332 -0.010236 -0.999892 -0.010561 -0.213908
-0.751415 -0.001184 0.659830 3.060090 -0.659784 0.013224 -0.751339 1.811260 -0.007836 -0.999912 -0.010718 -0.216371
-0.967466 0.000745 0.253002 2.978828 -0.252949 0.017802 -0.967316 1.786905 -0.005224 -0.999841 -0.017035 -0.212471
-0.963308 0.003611 -0.268373 2.865136 0.268397 0.013397 -0.963215 1.808474 0.000117 -0.999904 -0.013875 -0.204965
-0.825570 0.008922 -0.564229 2.858945 0.564297 0.010162 -0.825509 1.837961 -0.001632 -0.999909 -0.013424 -0.203711
-0.954233 0.016734 -0.298596 2.900825 0.298947 0.025367 -0.953933 1.830584 -0.008389 -0.999538 -0.029209 -0.190073
-0.977324 0.018441 0.210945 2.963117 -0.210283 0.032525 -0.977099 1.791976 -0.024879 -0.999301 -0.027910 -0.209107
-0.741866 0.011877 0.670442 3.047860 -0.669722 0.036474 -0.741716 1.796749 -0.033263 -0.999264 -0.019104 -0.218066
-0.313713 0.011220 0.949452 3.090864 -0.949040 0.028000 -0.313908 1.881589 -0.030106 -0.999545 0.001864 -0.222364
0.097740 0.019772 0.995016 3.128309 -0.995138 0.014107 0.097472 1.961457 -0.012109 -0.999705 0.021055 -0.236619
0.320884 0.003965 0.947110 3.537787 -0.947075 0.010908 0.320827 2.100066 -0.009060 -0.999933 0.007255 -0.238198
0.594741 0.018074 0.803714 3.688504 -0.803909 0.008842 0.594687 2.265999 0.003642 -0.999798 0.019788 -0.245906
0.582388 0.003867 0.812902 4.141400 -0.812911 0.002534 0.582383 2.578769 0.000192 -0.999989 0.004619 -0.232768
0.270254 0.021251 0.962555 4.307127 -0.962781 0.009939 0.270099 2.608185 -0.003827 -0.999725 0.023147 -0.209529
-0.171278 0.020383 0.985012 4.249383 -0.985146 0.008931 -0.171486 2.545865 -0.012292 -0.999752 0.018550 -0.208789
-0.702260 0.016488 0.711730 4.212945 -0.711706 0.008279 -0.702429 2.455983 -0.017474 -0.999830 0.005921 -0.223975
-0.959186 0.015906 0.282329 4.165828 -0.282267 0.006076 -0.959317 2.405392 -0.016974 -0.999855 -0.001339 -0.216366
-0.972889 0.012012 -0.230963 4.118742 0.230969 -0.000921 -0.972961 2.426144 -0.011900 -0.999928 -0.001879 -0.214992
-0.759757 0.005972 -0.650180 4.099132 0.650088 -0.012228 -0.759761 2.444825 -0.012488 -0.999907 0.005408 -0.219731
-0.681585 0.015949 -0.731565 3.823262 0.731444 -0.013563 -0.681767 2.149118 -0.020796 -0.999781 -0.002422 -0.212617
-0.785655 0.006823 -0.618627 3.668438 0.618570 -0.008879 -0.785680 1.965895 -0.010853 -0.999937 0.002756 -0.210682
-0.920884 0.005441 -0.389800 3.618343 0.389807 0.000382 -0.920896 1.894462 -0.004862 -0.999985 -0.002473 -0.212633
-0.968338 0.013885 -0.249256 3.635221 0.249418 0.011510 -0.968328 1.889503 -0.010576 -0.999837 -0.014609 -0.186995
-0.960140 0.013915 0.279173 3.714544 -0.278948 0.016184 -0.960170 1.855684 -0.017879 -0.999772 -0.011657 -0.211167
-0.674418 0.014852 0.738201 3.781042 -0.738143 0.010107 -0.674569 1.881166 -0.017480 -0.999839 0.004146 -0.230520
-0.216073 0.014851 0.976264 3.827797 -0.976268 0.011668 -0.216251 1.940288 -0.014602 -0.999822 0.011977 -0.245440
0.146422 0.016307 0.989088 3.891490 -0.989222 0.002213 0.146405 2.003414 0.000199 -0.999865 0.016455 -0.249969
0.180080 0.010044 0.983601 4.398519 -0.983645 -0.001986 0.180109 2.086577 0.003762 -0.999948 0.009522 -0.241890
-0.181087 0.014644 0.983358 4.781063 -0.983455 -0.007584 -0.180992 2.068327 0.004807 -0.999864 0.015775 -0.246324
-0.630274 0.019140 0.776137 4.770495 -0.776367 -0.011702 -0.630173 2.014457 -0.002980 -0.999748 0.022235 -0.240389
-0.924402 0.020217 0.380884 4.710958 -0.381127 -0.009877 -0.924470 2.001823 -0.014928 -0.999747 0.016835 -0.240707
-0.991579 0.019068 -0.128096 4.635014 0.128011 -0.005651 -0.991757 2.019571 -0.019635 -0.999802 0.003162 -0.238004
-0.814342 0.020087 -0.580037 4.567646 0.579890 -0.013098 -0.814590 2.065816 -0.023960 -0.999712 -0.000982 -0.251527
-0.519398 0.020588 -0.854284 4.569598 0.854147 -0.017518 -0.519737 2.106336 -0.025666 -0.999635 -0.008487 -0.244510
-0.680731 0.023708 -0.732150 4.591905 0.732003 -0.016036 -0.681113 2.059962 -0.027889 -0.999590 -0.006438 -0.217244
-0.769465 0.015324 -0.638505 4.402503 0.638270 -0.017753 -0.769608 1.893396 -0.023129 -0.999725 0.003879 -0.221191
-0.793551 0.016678 -0.608275 3.951191 0.608306 -0.003721 -0.793693 1.415599 -0.015501 -0.999854 -0.007192 -0.231903
-0.772017 0.025100 -0.635106 3.524830 0.635412 0.006063 -0.772150 0.942600 -0.015530 -0.999667 -0.020629 -0.262759
-0.601188 0.021616 -0.798815 3.247780 0.799017 0.001194 -0.601308 0.754923 -0.012044 -0.999766 -0.017989 -0.276580
-0.719810 0.011925 -0.694068 3.088997 0.694062 -0.005304 -0.719895 0.605695 -0.012266 -0.999915 -0.004460 -0.271418
-0.849578 0.019555 -0.527101 2.850859 0.527303 0.006828 -0.849650 0.266272 -0.013015 -0.999786 -0.016112 -0.284710
-0.870642 0.019598 -0.491527 2.680655 0.491607 -0.000828 -0.870817 -0.032347 -0.017473 -0.999808 -0.008913 -0.286668
-0.871309 0.022982 -0.490197 2.346740 0.490182 -0.006684 -0.871595 -0.578096 -0.023307 -0.999714 -0.005442 -0.287083
-0.735641 0.026533 -0.676852 2.059729 0.676986 -0.004924 -0.735979 -0.993200 -0.022860 -0.999636 -0.014341 -0.283004
-0.590170 0.013833 -0.807160 1.863153 0.806891 -0.020895 -0.590331 -1.231419 -0.025032 -0.999686 0.001170 -0.300927
-0.344416 0.023089 -0.938533 1.515845 0.938815 0.006003 -0.344371 -1.490531 -0.002317 -0.999716 -0.023744 -0.307275
0.147523 0.018927 -0.988878 1.462724 0.989024 0.005553 0.147651 -1.398068 0.008286 -0.999806 -0.017900 -0.308063
0.622031 0.009961 -0.782929 1.518330 0.782969 -0.000180 0.622060 -1.310010 0.006056 -0.999950 -0.007911 -0.316137
0.927155 -0.008615 -0.374580 1.605519 0.374575 -0.002237 0.927194 -1.285634 -0.008825 -0.999961 0.001153 -0.336311
0.992738 -0.022985 0.118081 1.648722 -0.118474 -0.016520 0.992820 -1.305872 -0.020869 -0.999599 -0.019123 -0.302720
0.956657 -0.032443 0.289405 1.654594 -0.290076 -0.018257 0.956829 -1.287976 -0.025758 -0.999307 -0.026877 -0.305140
0.993589 -0.032885 -0.108168 1.567814 0.107063 -0.033690 0.993681 -1.277291 -0.036322 -0.998891 -0.029953 -0.278247
0.796256 -0.019404 -0.604648 1.475797 0.603994 -0.030963 0.796388 -1.300041 -0.034175 -0.999332 -0.012934 -0.286445
0.398233 -0.011052 -0.917218 1.429724 0.916722 -0.030196 0.398382 -1.360255 -0.032099 -0.999483 -0.001893 -0.290246
-0.089027 -0.011063 -0.995968 1.381246 0.995823 -0.021335 -0.088777 -1.434459 -0.020267 -0.999711 0.012916 -0.306415
-0.152008 -0.007374 -0.988352 0.989885 0.988304 -0.013494 -0.151900 -1.514770 -0.012217 -0.999882 0.009338 -0.321841
-0.422506 -0.010601 -0.906298 0.578179 0.906261 -0.019713 -0.422259 -1.688405 -0.013389 -0.999750 0.017936 -0.293378
-0.270947 -0.004975 -0.962582 0.079391 0.962585 -0.005717 -0.270919 -1.893925 -0.004155 -0.999971 0.006338 -0.293299
0.257753 -0.003194 -0.966206 -0.052438 0.966175 -0.007816 0.257770 -1.840317 -0.008375 -0.999964 0.001071 -0.295877
0.694031 -0.008428 -0.719895 -0.011661 0.719785 -0.012958 0.694077 -1.788678 -0.015177 -0.999881 -0.002927 -0.298035
0.949829 -0.015422 -0.312390 0.067472 0.312264 -0.010061 0.949942 -1.766994 -0.017793 -0.999830 -0.004741 -0.301338
0.984936 -0.019377 0.171830 0.129398 -0.172057 -0.010727 0.985029 -1.804520 -0.017244 -0.999755 -0.013899 -0.288821
0.820058 -0.022452 0.571840 0.213898 -0.572145 -0.010419 0.820086 -1.832717 -0.012455 -0.999694 -0.021391 -0.276303
0.898252 -0.032476 0.438278 0.199390 -0.438874 -0.013934 0.898441 -1.778272 -0.023071 -0.999375 -0.026768 -0.273085
0.998459 -0.026443 -0.048782 0.159407 0.048676 -0.004647 0.998804 -1.772671 -0.026638 -0.999639 -0.003352 -0.301732
0.839622 -0.006721 -0.543129 0.068554 0.543043 -0.011268 0.839629 -1.772841 -0.011763 -0.999914 -0.005811 -0.289759
0.458722 0.011150 -0.888510 -0.000300 0.888574 -0.009462 0.458636 -1.809299 -0.003293 -0.999893 -0.014248 -0.288530
-0.049852 0.013579 -0.998664 -0.028559 0.998728 -0.006852 -0.049949 -1.873736 -0.007521 -0.999884 -0.013220 -0.289070
-0.532223 0.014065 -0.846487 -0.006052 0.846539 -0.003544 -0.532315 -1.952639 -0.010486 -0.999895 -0.010020 -0.300428
-0.729918 0.004022 -0.683524 -0.090868 0.683509 -0.004604 -0.729928 -2.102760 -0.006083 -0.999981 0.000612 -0.306556
-0.659019 0.028266 -0.751595 -0.523556 0.752114 0.018921 -0.658762 -2.481988 -0.004400 -0.999421 -0.033728 -0.310211
-0.281892 0.016547 -0.959303 -0.711882 0.959419 -0.002649 -0.281972 -2.488174 -0.007207 -0.999860 -0.015128 -0.325412
-0.081859 0.023840 -0.996359 -1.003670 0.996638 -0.001480 -0.081917 -2.501854 -0.003428 -0.999715 -0.023639 -0.318903
0.420575 0.017408 -0.907091 -1.057640 0.907256 -0.010101 0.420458 -2.435426 -0.001844 -0.999797 -0.020042 -0.313853
0.815579 0.007097 -0.578602 -1.010612 0.578644 -0.011920 0.815493 -2.396664 -0.001110 -0.999904 -0.013828 -0.316776
0.988397 0.002703 -0.151867 -0.940629 0.151880 -0.005863 0.988382 -2.380444 0.001781 -0.999979 -0.006206 -0.327722
0.940119 -0.001203 0.340843 -0.860612 -0.340845 -0.001532 0.940118 -2.409659 -0.000609 -0.999998 -0.001851 -0.349266
0.710877 -0.000559 0.703316 -0.788976 -0.703305 0.004978 0.710871 -2.466918 -0.003899 -0.999988 0.003145 -0.355556
0.801386 -0.006692 0.598110 -0.770605 -0.598071 0.007029 0.801413 -2.487389 -0.009567 -0.999953 0.001631 -0.351683
0.962277 -0.005306 0.272020 -0.791538 -0.272012 0.002192 0.962291 -2.466270 -0.005703 -0.999984 0.000666 -0.350822
0.974308 -0.002416 0.225207 -0.720663 -0.225215 -0.017088 0.974159 -2.177879 0.001494 -0.999851 -0.017193 -0.328171
0.789407 -0.002989 0.613862 -0.602210 -0.613861 0.001622 0.789413 -2.085531 -0.003355 -0.999994 -0.000554 -0.314532
0.849688 -0.009354 0.527203 -0.600482 -0.527155 0.007228 0.849738 -2.052198 -0.011759 -0.999930 0.001211 -0.314287
0.997494 -0.009318 0.070129 -0.639444 -0.070055 0.007995 0.997511 -2.009916 -0.009855 -0.999925 0.007322 -0.304306
0.999295 -0.003889 -0.037341 -0.645817 0.037342 0.000323 0.999302 -1.671961 -0.003874 -0.999992 0.000468 -0.273478
0.974164 -0.003897 -0.225808 -0.687058 0.225572 -0.032130 0.973697 -1.387341 -0.011049 -0.999476 -0.030421 -0.237398
0.999965 -0.006492 -0.005320 -0.650465 0.005188 -0.020265 0.999781 -1.311630 -0.006598 -0.999774 -0.020231 -0.226933
0.970752 -0.019424 0.239296 -0.579013 -0.239896 -0.039191 0.970007 -0.912652 -0.009463 -0.999043 -0.042704 -0.231955
0.760680 -0.030509 0.648410 -0.443795 -0.649126 -0.034163 0.759913 -0.952971 -0.001033 -0.998950 -0.045791 -0.207912
0.461847 -0.028676 0.886496 -0.432402 -0.886922 -0.024179 0.461287 -0.973676 0.008206 -0.999296 -0.036601 -0.214978
0.793462 -0.011885 0.608504 -0.481407 -0.608563 -0.001821 0.793503 -0.893369 -0.008322 -0.999928 -0.008678 -0.287515
0.974524 -0.013218 0.223893 -0.637473 -0.223967 -0.004413 0.974587 -0.788635 -0.011894 -0.999903 -0.007261 -0.267423
0.989196 -0.000882 0.146594 -0.614595 -0.146584 0.007404 0.989171 -0.378514 -0.001958 -0.999972 0.007195 -0.275158
0.934172 -0.010880 0.356656 -0.466161 -0.356793 -0.015647 0.934053 0.140843 -0.004582 -0.999818 -0.018499 -0.272203
0.967217 -0.023450 0.252865 -0.482255 -0.253189 -0.012004 0.967342 0.192518 -0.019649 -0.999653 -0.017548 -0.245494
0.948978 -0.021938 -0.314579 -0.571955 0.314282 -0.015950 0.949196 0.239215 -0.025841 -0.999632 -0.008242 -0.262342
0.849404 -0.018955 -0.527402 -0.682845 0.527468 -0.001769 0.849573 0.380144 -0.017037 -0.999819 0.008496 -0.252049
0.901383 0.013442 -0.432813 -0.982702 0.433022 -0.027972 0.900949 0.908633 0.000004 -0.999518 -0.031034 -0.196879
0.999902 0.012805 0.005656 -0.931213 -0.005302 -0.027540 0.999607 1.070101 0.012955 -0.999539 -0.027469 -0.197274
0.868542 0.006065 0.495578 -0.850796 -0.495370 -0.020870 0.868432 1.019799 0.015610 -0.999764 -0.015122 -0.215474
0.531251 0.002064 0.847212 -0.805879 -0.846989 -0.021774 0.531164 0.967330 0.019544 -0.999761 -0.009819 -0.208639
-0.065730 0.006938 0.997813 -0.790749 -0.997678 -0.018332 -0.065593 0.896461 0.017837 -0.999808 0.008126 -0.206068
